,from,to,method,action,result
0,X0,X10,GET,req,
1,X10,X2,GET,req,
2,X2,X20,GET,req,
3,X20,X8,GET,req,
4,X20,X8,GET,resp,2xx
5,X2,X20,GET,resp,2xx
6,X10,X2,GET,resp,2xx
7,X0,X10,GET,resp,2xx
8,X0,X10,GET,req,
9,X10,X2,GET,req,
10,X2,X23,GET,req,
11,X2,X23,GET,resp,2xx
12,X10,X2,GET,resp,2xx
13,X0,X10,GET,resp,2xx
14,X0,X10,GET,req,
15,X10,X2,GET,req,
16,X2,X7,GET,req,
17,X7,X24,GET,req,
18,X7,X24,GET,resp,2xx
19,X2,X7,GET,resp,2xx
20,X10,X2,GET,resp,2xx
21,X0,X10,GET,resp,2xx
22,X0,X10,GET,req,
23,X10,X2,GET,req,
24,X2,X23,GET,req,
25,X2,X23,GET,resp,2xx
26,X10,X2,GET,resp,2xx
27,X0,X10,GET,resp,2xx
28,X0,X10,GET,req,
29,X10,X2,GET,req,
30,X2,X20,GET,req,
31,X20,X8,GET,req,
32,X20,X8,GET,resp,2xx
33,X2,X20,GET,resp,2xx
34,X10,X2,GET,resp,2xx
35,X0,X10,GET,resp,2xx
36,X0,X10,GET,req,
37,X10,X2,GET,req,
38,X2,X17,GET,req,
39,X17,X13,GET,req,
40,X13,X21,GET,req,
41,X13,X21,GET,resp,2xx
42,X17,X13,GET,resp,2xx
43,X2,X17,GET,resp,2xx
44,X10,X2,GET,resp,2xx
45,X0,X10,GET,resp,2xx
46,X0,X10,GET,req,
47,X10,X2,GET,req,
48,X2,X7,GET,req,
49,X7,X22,GET,req,
50,X7,X22,GET,resp,2xx
51,X2,X7,GET,resp,2xx
52,X10,X2,GET,resp,2xx
53,X0,X10,GET,resp,2xx
54,X0,X10,GET,req,
55,X10,X2,GET,req,
56,X2,X20,GET,req,
57,X20,X8,GET,req,
58,X20,X8,GET,resp,2xx
59,X2,X20,GET,resp,2xx
60,X10,X2,GET,resp,2xx
61,X0,X10,GET,resp,2xx
62,X0,X10,GET,req,
63,X10,X2,GET,req,
64,X2,X20,GET,req,
65,X20,X8,GET,req,
66,X20,X8,GET,resp,2xx
67,X2,X20,GET,resp,2xx
68,X10,X2,GET,resp,2xx
69,X0,X10,GET,resp,2xx
70,X0,X10,GET,req,
71,X10,X2,GET,req,
72,X2,X20,GET,req,
73,X20,X8,GET,req,
74,X20,X8,GET,resp,2xx
75,X2,X20,GET,resp,2xx
76,X10,X2,GET,resp,2xx
77,X0,X10,GET,resp,2xx
78,X0,X10,GET,req,
79,X10,X2,GET,req,
80,X2,X23,GET,req,
81,X2,X23,GET,resp,2xx
82,X10,X2,GET,resp,2xx
83,X0,X10,GET,resp,2xx
84,X0,X10,GET,req,
85,X10,X2,GET,req,
86,X2,X20,GET,req,
87,X20,X8,GET,req,
88,X20,X8,GET,resp,2xx
89,X2,X20,GET,resp,2xx
90,X10,X2,GET,resp,2xx
91,X0,X10,GET,resp,2xx
92,X0,X10,GET,req,
93,X10,X2,GET,req,
94,X2,X23,GET,req,
95,X2,X23,GET,resp,2xx
96,X10,X2,GET,resp,2xx
97,X0,X10,GET,resp,2xx
98,X0,X10,GET,req,
99,X10,X2,GET,req,
100,X2,X17,GET,req,
101,X17,X13,GET,req,
102,X13,X1,GET,req,
103,X1,X9,GET,req,
104,X9,X11,GET,req,
105,X11,X19,GET,req,
106,X11,X19,GET,resp,5xx
107,X11,X19,GET,req,
108,X11,X19,GET,resp,2xx
